concurrency	elapsed-r	errors-r	ops(total)-r	ops/sec(cum)-r	avg(ms)-r	p50(ms)-r	p95(ms)-r	p99(ms)-r	pMax(ms)-r	total-r	elapsed-w	errors-w	ops(total)-w	ops/sec(cum)-w	avg(ms)-w	p50(ms)-w	p95(ms)-w	p99(ms)-w	pMax(ms)-w	total-w	elapsed	errors	ops(total)	ops/sec(cum)	avg(ms)	p50(ms)	p95(ms)	p99(ms)	pMax(ms)
14	0.0	0.0	505964.0	16865.3	3.1125000000000003	2.25	7.875	10.75	30.674999999999997	0.0	0.0	0.0	26291.0	876.4	63.4875	3.9625	318.8	352.30000000000007	396.4	0.0	0.0	0.0	532255.0	17741.7	6.074999999999999	2.25	8.2625	166.85000000000002	396.4
