concurrency	elapsed-r	errors-r	ops(total)-r	ops/sec(cum)-r	avg(ms)-r	p50(ms)-r	p95(ms)-r	p99(ms)-r	pMax(ms)-r	total-r	elapsed-w	errors-w	ops(total)-w	ops/sec(cum)-w	avg(ms)-w	p50(ms)-w	p95(ms)-w	p99(ms)-w	pMax(ms)-w	total-w	elapsed	errors	ops(total)	ops/sec(cum)	avg(ms)	p50(ms)	p95(ms)	p99(ms)	pMax(ms)
88	0.0	0.0	2819591.0	93982.6	4.5	3.72	10.74	20.16	214.74	0.0	0.0	0.0	148036.0	4934.4	13.26	11.98	27.46	35.44	174.88	0.0	0.0	0.0	2967627.0	98916.69999999998	4.9	3.8	14.580000000000002	23.1	216.0
