concurrency	elapsed-r	errors-r	ops(total)-r	ops/sec(cum)-r	avg(ms)-r	p50(ms)-r	p95(ms)-r	p99(ms)-r	pMax(ms)-r	total-r	elapsed-w	errors-w	ops(total)-w	ops/sec(cum)-w	avg(ms)-w	p50(ms)-w	p95(ms)-w	p99(ms)-w	pMax(ms)-w	total-w	elapsed	errors	ops(total)	ops/sec(cum)	avg(ms)	p50(ms)	p95(ms)	p99(ms)	pMax(ms)
20	0.0	0.0	1187484.0	39581.8	3.6375	3.4625	6.625	7.7875	20.05	0.0	0.0	0.0	62425.0	2080.7999999999997	3.6750000000000003	3.525	6.5625	7.8625	16.5125	0.0	0.0	0.0	1249909.0	41662.49999999999	3.6375	3.4875	6.625	7.7875	20.1875
