concurrency	elapsed-r	errors-r	ops(total)-r	ops/sec(cum)-r	avg(ms)-r	p50(ms)-r	p95(ms)-r	p99(ms)-r	pMax(ms)-r	total-r	elapsed-w	errors-w	ops(total)-w	ops/sec(cum)-w	avg(ms)-w	p50(ms)-w	p95(ms)-w	p99(ms)-w	pMax(ms)-w	total-w	elapsed	errors	ops(total)	ops/sec(cum)	avg(ms)	p50(ms)	p95(ms)	p99(ms)	pMax(ms)
47	0.0	0.0	936770.0	31224.6	2.7999999999999994	2.2	5.5	17.8	82.5	0.0	0.0	0.0	49246.0	1641.5	5.8	5.0	16.099999999999998	36.36666666666667	79.7	0.0	0.0	0.0	986016.0	32866.0	3.0	2.4	6.8999999999999995	17.8	83.89999999999999
