concurrency	elapsed-r	errors-r	ops(total)-r	ops/sec(cum)-r	avg(ms)-r	p50(ms)-r	p95(ms)-r	p99(ms)-r	pMax(ms)-r	total-r	elapsed	errors	ops(total)	ops/sec(cum)	avg(ms)	p50(ms)	p95(ms)	p99(ms)	pMax(ms)
23	0.0	0.0	1363099.0	45436.0	1.9	1.8	3.0	5.35	15.075	0.0	0.0	0.0	1363099.0	45436.0	1.9	1.8	3.0	5.35	15.075
